[DATE]
isdst=false
year=2023
wday=4
min=3
month=5
day=24
hour=17
sec=23
yday=144

[PureScriptSettings]
script_version=1.01
Intense%20night%20sky=false
AE%20Target=1.0500001907349
Daytime%20Brightness=1.8231570209082e-07
Nighttime%20Brightness=1.8276274715845e-07
Filmic%20mode%20on=false
HighSat%20mode=true
Disable%20CG=false
